[Bezier Patch Editor versione 0.18]



#Patch

PatchId=1

Materiale=#Default

Texture=#

Punto00=-1.000000, 0.000000, -2.000000

Punto01=-1.000000, 1.000000, -2.000000

Punto02=-1.000000, 3.000000, -2.000000

Punto03=-1.000000, 4.000000, -2.000000

Punto04=-1.000000, 0.000000, 0.000000

Punto05=-1.000000, 1.000000, 0.000000

Punto06=-1.000000, 3.000000, 0.000000

Punto07=-1.000000, 4.000000, 0.000000

Punto08=1.000000, 0.000000, 0.000000

Punto09=1.000000, 1.000000, 0.000000

Punto10=1.000000, 3.000000, 0.000000

Punto11=1.000000, 4.000000, 0.000000

Punto12=1.000000, 0.000000, -2.000000

Punto13=1.000000, 1.000000, -2.000000

Punto14=1.000000, 3.000000, -2.000000

Punto15=1.000000, 4.000000, -2.000000

FlippedNormals=1

Tassellazione=2

NORTH=3

NORTHDir=0

NORTHC=1

SOUTH=3

SOUTHDir=2

SOUTHC=1

WEST=0

WESTDir=-1

WESTC=0

EAST=2

EASTDir=3

EASTC=1



#Patch

PatchId=2

Materiale=#Default

Texture=#

Punto00=-1.000000, 4.000000, -2.000000

Punto01=-1.000000, 5.000000, -2.000000

Punto02=-1.000000, 7.000000, -2.000000

Punto03=-1.000000, 8.000000, -2.000000

Punto04=-1.000000, 4.000000, 0.000000

Punto05=-1.000000, 5.000000, 0.000000

Punto06=-1.000000, 7.000000, 0.000000

Punto07=-1.000000, 8.000000, 0.000000

Punto08=1.000000, 4.000000, 0.000000

Punto09=1.000000, 5.000000, 0.000000

Punto10=1.000000, 7.000000, 0.000000

Punto11=1.000000, 8.000000, 0.000000

Punto12=1.000000, 4.000000, -2.000000

Punto13=1.000000, 5.000000, -2.000000

Punto14=1.000000, 7.000000, -2.000000

Punto15=1.000000, 8.000000, -2.000000

FlippedNormals=1

Tassellazione=2

NORTH=4

NORTHDir=0

NORTHC=1

SOUTH=4

SOUTHDir=2

SOUTHC=1

WEST=1

WESTDir=1

WESTC=1

EAST=0

EASTDir=-1

EASTC=0



#Patch

PatchId=3

Materiale=#Default

Texture=#

Punto00=-1.000000, 0.000000, -2.000000

Punto01=-1.000000, 1.000000, -2.000000

Punto02=-1.000000, 3.000000, -2.000000

Punto03=-1.000000, 4.000000, -2.000000

Punto04=-1.000000, 0.000000, -4.000000

Punto05=-1.000000, 1.000000, -4.000000

Punto06=-1.000000, 3.000000, -4.000000

Punto07=-1.000000, 4.000000, -4.000000

Punto08=1.000000, 0.000000, -4.000000

Punto09=1.000000, 1.000000, -4.000000

Punto10=1.000000, 3.000000, -4.000000

Punto11=1.000000, 4.000000, -4.000000

Punto12=1.000000, 0.000000, -2.000000

Punto13=1.000000, 1.000000, -2.000000

Punto14=1.000000, 3.000000, -2.000000

Punto15=1.000000, 4.000000, -2.000000

FlippedNormals=0

Tassellazione=2

NORTH=1

NORTHDir=0

NORTHC=1

SOUTH=1

SOUTHDir=2

SOUTHC=1

WEST=0

WESTDir=-1

WESTC=0

EAST=4

EASTDir=3

EASTC=1



#Patch

PatchId=4

Materiale=#Default

Texture=#

Punto00=-1.000000, 4.000000, -2.000000

Punto01=-1.000000, 5.000000, -2.000000

Punto02=-1.000000, 7.000000, -2.000000

Punto03=-1.000000, 8.000000, -2.000000

Punto04=-1.000000, 4.000000, -4.000000

Punto05=-1.000000, 5.000000, -4.000000

Punto06=-1.000000, 7.000000, -4.000000

Punto07=-1.000000, 8.000000, -4.000000

Punto08=1.000000, 4.000000, -4.000000

Punto09=1.000000, 5.000000, -4.000000

Punto10=1.000000, 7.000000, -4.000000

Punto11=1.000000, 8.000000, -4.000000

Punto12=1.000000, 4.000000, -2.000000

Punto13=1.000000, 5.000000, -2.000000

Punto14=1.000000, 7.000000, -2.000000

Punto15=1.000000, 8.000000, -2.000000

FlippedNormals=0

Tassellazione=2

NORTH=2

NORTHDir=0

NORTHC=1

SOUTH=2

SOUTHDir=2

SOUTHC=1

WEST=3

WESTDir=1

WESTC=1

EAST=0

EASTDir=-1

EASTC=0

